>> A=[2 6 10 3;1 9 3 7;6 9 1 1;0 5 4 8]

A =

     2     6    10     3
     1     9     3     7
     6     9     1     1
     0     5     4     8

>> B=[1 3 5 7;0 2 4 6;4 8 12 16;0 5 10 15]

B =

     1     3     5     7
     0     2     4     6
     4     8    12    16
     0     5    10    15

>> sum(A+B)

ans =

    14    47    49    63

>> A+B

ans =

     3     9    15    10
     1    11     7    13
    10    17    13    17
     0    10    14    23

>> A-B

ans =

     1     3     5    -4
     1     7    -1     1
     2     1   -11   -15
     0     0    -6    -7

>> A*B

ans =

    42   113   184   255
    13    80   147   214
    10    49    88   127
    16    82   148   214

>> A+1

ans =

     3     7    11     4
     2    10     4     8
     7    10     2     2
     1     6     5     9

>> A-2

ans =

     0     4     8     1
    -1     7     1     5
     4     7    -1    -1
    -2     3     2     6

>> A*2

ans =

     4    12    20     6
     2    18     6    14
    12    18     2     2
     0    10     8    16

>> A/2

ans =

    1.0000    3.0000    5.0000    1.5000
    0.5000    4.5000    1.5000    3.5000
    3.0000    4.5000    0.5000    0.5000
         0    2.5000    2.0000    4.0000
		 