>> A=[1 2 3;5 6 1;3 4 2]

A =

     1     2     3
     5     6     1
     3     4     2

>> B=[2 4 6;1 2 3;5 7 8]

B =

     2     4     6
     1     2     3
     5     7     8

>> A.*B

ans =

     2     8    18
     5    12     3
    15    28    16