>> A=zeros(3,2)

A =

     0     0
     0     0
     0     0

>> B=ones(3,3)


B =

     1     1     1
     1     1     1
     1     1     1
