>> A=[2 4;6 8]

A =

     2     4
     6     8

>> B=[1 3;5 7;9 11]

B =

     1     3
     5     7
     9    11

>> [A;B]

ans =

     2     4
     6     8
     1     3
     5     7
     9    11
	 
>> C=[0 3 7;9 7 4]

C =

     0     3     7
     9     7     4

>> [A C]

ans =

     2     4     0     3     7
     6     8     9     7     4